FISH  Wt(g) Rows  medL   medW   medH   L/W
-----------------------------------------------------------------
fish01   67.5  200   17.4    6.2    5.6   2.8
fish10   17.7   37    7.8    2.8    2.5   2.8
fish11   13.0   72   11.7    4.2    3.8   2.8
fish13   13.9  200    9.4    3.4    3.0   2.8
fish14   12.3   20   13.2    4.7    4.3   2.8
fish15    9.6   21    7.2    2.6    2.3   2.8
fish2    16.0  135   11.2    4.0    3.6   2.8
fish3    81.9  200   25.0    8.9    8.0   2.8
fish4    61.2  200   22.1    7.9    7.1   2.8
fish5    27.4   24   17.6    6.3    5.6   2.8
fish6    13.8  200    9.7    3.5    3.1   2.8
fish7    18.3  200   10.4    3.7    3.4   2.8
fish8    12.7  104    9.6    3.4    3.1   2.8
fish9    14.0   34    6.0    2.2    1.9   2.8
